   3.3306691e-16
  -5.9047619e-03
  -1.9800454e-02
  -2.1741497e-02
   2.7210884e-04
   6.3582766e-03
   8.4807256e-03
  -5.4512472e-03
  -3.9510204e-02
  -6.5922902e-02
  -5.2780045e-02
  -5.2072562e-02
  -3.5818594e-02
  -2.7963719e-02
  -8.4353741e-03
   7.0385488e-03
   1.4557823e-02
   4.2204082e-02
   3.4113379e-02
   3.0195011e-02
   3.4439909e-02
   1.4911565e-02
   1.5482993e-02
   4.1904762e-03
   9.1609977e-04
  -2.3854875e-03
  -5.7324263e-03
   2.6811791e-02
   1.1401361e-02
   2.0009070e-02
  -3.2743764e-03
   1.4875283e-03
   1.0340136e-02
   7.3378685e-03
   2.0399093e-02
  -2.2439909e-02
  -1.7414966e-02
  -3.6589569e-02
  -4.4036281e-02
  -3.9854875e-02
  -4.0000000e-02
  -4.4498866e-02
  -2.1378685e-02
  -3.0512472e-02
   1.2081633e-02
   2.6639456e-02
   5.2698413e-03
   1.9873016e-02
   1.4548753e-02
   9.2063492e-03
   1.9873016e-02
   2.6566893e-02
   1.4693878e-03
  -7.5827664e-03
   3.3469388e-03
   2.2857143e-03
  -2.7936508e-03
   1.6217687e-02
  -5.9863946e-04
  -1.2607710e-03
  -5.7959184e-03
   9.8412698e-03
   9.7142857e-03
   2.1804989e-02
   1.4122449e-02
   1.0648526e-02
  -7.2562358e-04
   7.8639456e-03
   4.8979592e-04
   1.1337868e-03
  -2.2403628e-03
   6.3129252e-03
  -3.3197279e-02
  -1.2970522e-02
  -8.8616780e-03
   7.1836735e-03
   7.2108844e-03
  -4.7891156e-03
  -4.8979592e-03
  -9.0975057e-03
   1.0766440e-02
  -2.1224490e-02
  -1.7224490e-02
  -5.2698413e-03
  -9.3605442e-03
  -9.5691610e-03
  -1.3913832e-02
   5.5510204e-03
   8.9614512e-03
  -1.5646259e-02
   3.6099773e-03
   2.2875283e-02
   2.2258503e-02
   2.1741497e-02
   2.1405896e-02
   1.3142857e-02
   1.2888889e-02
   1.6634921e-02
   3.2417234e-02
   4.3083900e-03
  -5.5791383e-02
  -5.2099773e-02
  -4.4616780e-02
  -3.7251701e-02
  -1.3986395e-02
  -2.7029478e-03
   1.2634921e-02
   3.2018141e-02
   2.3501134e-02
   7.0748299e-03
   1.8721088e-02
  -5.4875283e-03
  -9.7233560e-03
  -1.0013605e-02
  -6.3310658e-03
   2.1287982e-02
   2.8916100e-02
   1.6553288e-02
   8.2267574e-03
   1.9891156e-02
   7.5102041e-03
  -1.2879819e-02
  -2.5206349e-02
  -1.7578231e-02
  -1.4068027e-02
  -3.0557823e-02
  -1.9165533e-02
   1.6108844e-02
   3.5401361e-02
   2.7482993e-03
  -2.5913832e-02
  -1.0693878e-02
  -3.5374150e-03
  -2.0317460e-02
  -3.3079365e-02
  -9.8775510e-03
   1.3324263e-02
   3.6580499e-02
   2.7210884e-05
  -4.8979592e-04
   2.3056689e-02
   1.0784580e-02
  -1.3696145e-03
   1.8575964e-02
   5.8712018e-02
   7.2653061e-03
   3.9365079e-03
   1.6698413e-02
   1.3641723e-02
   1.8666667e-02
  -8.2448980e-03
   8.2539683e-04
  -2.0045351e-03
  -1.6752834e-02
  -2.3482993e-02
  -2.2176871e-02
   7.1655329e-03
   4.6258503e-03
  -1.3877551e-02
  -4.5804989e-03
  -7.3197279e-03
  -2.2068027e-02
  -4.9523810e-03
   9.9773243e-05
   1.3142857e-02
  -1.3823129e-02
   1.0993197e-02
   3.1827664e-02
   4.8344671e-03
   5.8321995e-03
   2.7755102e-03
   1.5664399e-02
   8.6349206e-03
  -6.4217687e-03
  -1.7587302e-02
  -2.4870748e-02
  -1.2299320e-02
  -1.5809524e-02
  -1.1455782e-02
   2.8770975e-02
   9.0884354e-03
  -1.0621315e-02
  -1.0430839e-02
   1.6870748e-03
  -2.2947846e-03
   1.5873016e-03
  -2.6575964e-03
  -6.9387755e-03
  -3.1346939e-02
  -2.0009070e-02
   3.1473923e-03
  -9.6870748e-03
  -1.8548753e-02
   4.4625850e-03
   1.1464853e-02
   6.5487528e-03
   9.6870748e-03
   4.9251701e-03
  -7.7460317e-03
  -3.9002268e-04
   3.1111111e-03
   6.6485261e-03
   2.2312925e-03
   5.9047619e-03
   2.5623583e-02
   2.9414966e-02
   2.1287982e-02
   1.2335601e-03
   9.1519274e-03
  -2.9478458e-03
   1.7015873e-02
  -1.8911565e-02
  -2.2938776e-02
  -7.0929705e-03
  -3.2743764e-03
  -1.1501134e-02
   4.1723356e-03
  -2.3582766e-04
  -1.6716553e-02
  -9.3151927e-03
  -4.9977324e-02
  -3.4911565e-02
  -1.1990930e-02
  -2.1124717e-02
   5.5873016e-03
   2.0272109e-02
   2.6965986e-02
   9.6780045e-03
   1.6317460e-02
   3.0965986e-02
  -6.2403628e-03
   5.6235828e-04
  -4.6802721e-03
   1.0068027e-02
   4.9160998e-03
  -4.1723356e-03
  -5.2426304e-03
   2.1705215e-02
   4.8163265e-03
  -3.9637188e-03
  -6.8934240e-04
   2.6122449e-03
  -2.5922902e-02
  -2.2458050e-02
   8.9614512e-03
   4.4807256e-03
   8.1632653e-05
   7.7278912e-03
   2.3392290e-02
   2.3201814e-02
  -1.2843537e-02
  -1.2961451e-02
   6.9297052e-03
   1.9002268e-02
   7.3741497e-03
  -5.4421769e-05
   6.5306122e-04
   9.4875283e-03
  -1.3541950e-02
  -1.6625850e-02
   8.2539683e-03
   2.1170068e-02
   1.0167800e-02
   1.1238095e-02
   1.6399093e-02
   2.5623583e-02
  -1.0884354e-03
  -7.8276644e-03
   1.3360544e-02
   6.5668934e-03
  -2.9024943e-04
   8.8163265e-03
   1.0004535e-02
  -3.2643991e-02
  -5.5356009e-02
  -5.0276644e-02
  -3.3387755e-02
  -2.0625850e-02
  -8.0181406e-03
   4.7165533e-04
   8.9795918e-04
   2.5287982e-02
   2.5741497e-02
   2.2222222e-03
   2.2684807e-02
   3.9183673e-02
   2.3736961e-02
   1.2208617e-02
   2.0535147e-02
   1.2870748e-02
   1.7043084e-02
  -1.0839002e-02
  -1.0984127e-02
  -4.7383220e-02
  -5.6163265e-02
  -5.3242630e-02
  -4.2512472e-02
  -3.1945578e-02
   2.4943311e-03
   9.7052154e-04
   1.5419501e-02
   5.9410431e-03
  -1.5519274e-02
  -1.3133787e-02
  -3.0893424e-02
  -1.6761905e-02
   1.2789116e-03
   1.9229025e-02
   4.9206349e-02
   3.4104308e-03
   4.1678005e-02
   8.1723356e-03
   5.0712018e-02
   3.7569161e-02
   2.0716553e-02
   1.2190476e-02
  -4.1179138e-03
   3.7188209e-03
  -4.1814059e-03
  -1.5918367e-02
   4.0816327e-04
  -1.9056689e-02
  -1.0321995e-02
   2.6575964e-03
   7.9909297e-03
  -1.4303855e-02
  -8.2902494e-03
   1.7986395e-02
   2.4562358e-02
   1.5401361e-02
  -5.6507937e-03
   1.3378685e-02
   2.8399093e-02
   2.7519274e-02
   1.8621315e-02
   9.6598639e-03
   5.2634921e-02
   5.1736961e-02
   7.0022676e-03
   2.6204082e-02
   1.3514739e-02
  -1.5120181e-02
  -6.3873016e-02
  -5.6925170e-02
  -5.8331066e-02
  -6.0136054e-02
  -6.2349206e-02
  -4.9006803e-02
  -3.6099773e-02
  -3.1673469e-02
  -1.9664399e-02
  -1.1990930e-02
   1.9410431e-02
   2.6639456e-02
   2.5696145e-02
   3.2562358e-02
   2.3337868e-02
   2.6022676e-02
   1.6553288e-02
   1.0902494e-02
  -2.6848073e-02
  -2.4852608e-02
  -3.1065760e-02
  -3.7405896e-02
  -1.5800454e-02
  -1.8122449e-02
  -2.8399093e-02
   1.3968254e-03
   1.5437642e-02
   3.3750567e-02
   8.3628118e-03
   7.1020408e-03
   1.7950113e-02
   2.0988662e-02
   2.4145125e-02
   3.5401361e-02
   1.8848073e-02
   1.4458050e-02
   1.0213152e-02
   1.0068027e-02
   1.4058957e-02
  -5.7596372e-03
  -1.4149660e-03
  -1.2925170e-02
  -3.5374150e-04
  -1.1600907e-02
   5.2426304e-03
  -1.7795918e-02
  -2.4816327e-02
  -1.5909297e-02
   9.3424036e-04
   2.5768707e-02
   2.2712018e-02
   3.6916100e-03
   1.2607710e-02
   2.1505669e-02
   6.3673469e-03
  -2.0780045e-02
  -1.1981859e-02
  -3.2108844e-03
  -1.0412698e-02
  -2.1668934e-02
  -1.3052154e-02
  -4.9886621e-04
   8.0725624e-03
  -7.2834467e-03
  -1.4712018e-02
   5.7777778e-03
   1.0231293e-02
   2.7573696e-03
  -6.8934240e-04
  -1.2172336e-02
   8.1814059e-03
   3.2462585e-02
   2.4752834e-02
   1.7070295e-02
   3.7342404e-02
  -1.8331066e-02
  -3.8167800e-02
  -3.0258503e-02
  -3.4603175e-02
  -1.5201814e-02
  -1.1927438e-02
  -4.7256236e-03
  -2.1605442e-02
  -1.8639456e-02
   2.2675737e-04
  -8.7981859e-04
   2.0226757e-03
  -1.5092971e-02
  -4.2993197e-03
   6.4308390e-03
   2.1160998e-02
  -4.0090703e-03
   1.0730159e-02
   5.3696145e-03
   1.1963719e-02
  -1.4240363e-03
  -2.9206349e-03
   2.3609977e-02
   3.0321995e-02
   1.3260771e-02
   4.3265306e-03
  -5.4421769e-04
   1.0712018e-02
  -1.8866213e-03
  -2.6421769e-02
  -2.6984127e-02
  -1.1591837e-02
  -1.2199546e-02
  -1.6843537e-02
   2.4943311e-03
   1.8866213e-03
   1.2970522e-03
   1.6671202e-02
   2.8145125e-02
   3.8004535e-03
  -4.7165533e-04
   1.1229025e-02
   6.9569161e-03
   1.4721088e-02
   2.5124717e-03
   1.8185941e-02
   9.8775510e-03
  -3.0412698e-02
  -2.2802721e-02
   4.6712018e-03
  -7.8458050e-03
  -2.0299320e-02
  -8.7528345e-03
   2.7755102e-03
   2.3310658e-03
  -2.0408163e-03
   1.6054422e-03
   9.2698413e-03
   4.9795918e-03
  -2.3292517e-02
  -1.9682540e-02
   7.8276644e-03
   1.9365079e-02
   6.9569161e-03
  -1.3968254e-03
   3.0204082e-02
   1.7959184e-02
   9.8231293e-03
  -1.4185941e-02
   5.8775510e-03
   1.0040816e-02
  -1.3732426e-02
  -9.5056689e-03
   6.7573696e-03
   1.1056689e-02
  -4.5986395e-03
  -8.2539683e-03
   9.9773243e-05
   4.4353741e-03
  -7.2290249e-03
  -1.4938776e-02
   9.3424036e-03
   1.3714286e-02
   1.4131519e-02
  -5.4421769e-03
   1.4993197e-02
   3.5918367e-03
  -1.5809524e-02
  -3.1274376e-02
  -1.4866213e-02
   5.5782313e-03
   2.0498866e-03
  -5.5056689e-03
  -1.1065760e-03
   1.9301587e-02
   1.1709751e-02
   9.0702948e-06
  -7.7823129e-03
   1.6362812e-02
   8.5170068e-03
   8.6621315e-03
   4.8616780e-03
   5.1609977e-03
   5.5691610e-03
   1.0018141e-02
  -1.7532880e-02
  -3.7165533e-02
  -2.1043084e-02
  -2.1083900e-02
  -1.7160998e-02
  -3.3210884e-02
  -9.3514739e-03
   2.5079365e-03
   1.8403628e-02
  -1.5374150e-03
   2.6557823e-02
   5.4780045e-02
   3.9265306e-02
   1.6022676e-02
   2.4925170e-02
   1.3927438e-02
  -1.0068027e-03
  -1.9986395e-02
  -4.7120181e-02
  -2.0498866e-02
   5.9319728e-03
   6.2721088e-03
   1.8639456e-02
   2.7097506e-02
  -8.3174603e-03
  -1.1659864e-02
  -6.9569161e-03
  -1.8199546e-02
  -5.5782313e-03
  -2.1047619e-02
  -8.8072562e-03
  -1.2848073e-02
  -9.1791383e-03
  -3.3782313e-02
  -1.8775510e-02
  -7.9954649e-03
  -9.3968254e-03
   5.0204082e-03
   1.5356009e-02
  -2.3718821e-03
   2.3927438e-02
   2.6267574e-02
   5.4421769e-04
   1.4766440e-02
  -3.0657596e-03
  -5.3070295e-02
  -5.5401361e-02
  -3.8049887e-02
  -4.9614512e-03
  -1.5873016e-02
   2.1151927e-02
   5.8331066e-02
   2.3791383e-02
  -6.5850340e-03
   1.1102041e-02
  -7.0294785e-03
  -1.3088435e-02
  -3.1655329e-03
  -1.0975057e-03
   3.3070295e-02
  -1.2526077e-02
   9.9591837e-03
   3.6526077e-02
  -1.6689342e-02
   2.1315193e-03
   1.3043084e-02
   2.0145125e-02
   1.9637188e-02
   3.1492063e-02
  -2.8117914e-04
   8.1632653e-05
   6.5306122e-04
   1.3333333e-02
   6.0589569e-03
  -9.1519274e-03
   3.7097506e-03
   4.6439909e-03
   2.5687075e-02
  -2.1015873e-02
  -7.7641723e-03
  -6.4943311e-03
  -9.3061224e-03
   1.1918367e-02
   5.2335601e-03
   6.4943311e-03
   7.8458050e-03
   5.2154195e-03
  -1.7405896e-02
  -4.1723356e-03
  -3.0566893e-03
   1.9047619e-03
  -2.1151927e-02
  -1.6380952e-02
  -3.7641723e-03
   4.7619048e-03
  -2.7664399e-03
   1.6598639e-03
   2.0589569e-03
  -1.7578231e-02
   6.5759637e-03
  -1.2698413e-03
   6.8571429e-03
  -8.9795918e-03
  -1.6870748e-02
   3.1111111e-03
  -8.8798186e-03
   3.1201814e-03
  -1.2870748e-02
  -9.5238095e-04
   1.1020408e-02
   1.5092971e-02
  -4.7074830e-03
   1.5464853e-02
   1.5709751e-02
   4.5351474e-05
   8.3628118e-03
   4.6349206e-03
  -7.1383220e-03
  -2.9478458e-03
   1.3269841e-02
   1.7560091e-02
   1.8866213e-03
  -9.7596372e-03
   2.5487528e-03
  -1.1337868e-03
  -2.0798186e-02
  -2.8498866e-02
  -1.2353741e-02
   3.6916100e-03
  -1.2208617e-02
  -2.0126984e-02
  -2.4172336e-02
  -3.8095238e-04
   1.9437642e-02
   7.3560091e-03
   1.1265306e-02
   3.1219955e-02
   3.1265306e-02
  -5.5328798e-04
  -2.0344671e-02
   1.1764172e-02
   1.1882086e-02
  -7.9637188e-03
  -7.7823129e-03
   8.4172336e-03
   4.6802721e-03
  -3.0975057e-02
   1.7324263e-02
   1.3759637e-02
  -5.7324263e-03
  -1.7233560e-02
   3.2199546e-03
   7.7278912e-03
  -7.6916100e-03
  -1.9111111e-02
   5.3696145e-03
   5.8594104e-03
   1.8349206e-02
   2.8843537e-03
  -6.1678005e-04
   1.1845805e-02
   1.2408163e-02
  -2.9659864e-03
  -2.2349206e-02
  -5.8503401e-03
  -5.3877551e-03
  -1.6970522e-02
  -1.2634921e-02
   1.1655329e-02
   1.5882086e-02
  -3.8820862e-03
   4.3083900e-03
   8.4988662e-03
   1.2643991e-02
  -1.1201814e-02
  -1.1074830e-02
   1.0249433e-03
   1.0657596e-03
  -1.4984127e-02
  -1.1242630e-02
   1.2380952e-02
  -3.9138322e-03
  -2.0199546e-02
  -2.0494331e-02
   7.3197279e-03
   3.3696145e-03
  -8.4081633e-03
  -1.2104308e-02
   1.6244898e-02
   2.4702948e-02
   5.2244898e-03
   9.7097506e-03
   1.8176871e-02
   2.6662132e-02
   7.1927438e-03
  -8.2857143e-03
   4.1814059e-03
   1.8630385e-02
   3.3133787e-02
   4.1764172e-02
   2.6548753e-02
  -8.5759637e-03
  -1.9782313e-02
  -4.3079365e-02
  -7.8575964e-02
  -5.8444444e-02
  -5.4594104e-02
  -3.9006803e-02
  -1.9655329e-02
   3.5963719e-03
   1.4784580e-02
   1.3972789e-02
   3.3151927e-02
   2.4349206e-02
   2.3537415e-02
   2.7346939e-03
   1.3895692e-02
   2.1092971e-02
   4.3990930e-03
  -2.8117914e-04
   1.8956916e-02
   1.0204082e-02
  -1.0494331e-02
  -1.5183673e-02
   1.0884354e-04
   3.5646259e-03
  -2.4689342e-02
  -2.0852608e-02
   1.1056689e-02
  -4.8616780e-03
  -7.0748299e-04
  -1.2507937e-02
   1.1637188e-02
   3.5854875e-02
   2.4244898e-02
   8.7256236e-03
   9.2335601e-03
   1.7859410e-02
  -9.4240363e-03
  -1.2780045e-02
   7.8458050e-03
   5.9863946e-04
  -1.8630385e-02
  -1.9229025e-03
   1.4848073e-02
  -8.2086168e-03
  -1.9247166e-02
  -6.3764172e-03
   6.5396825e-03
   1.1573696e-02
   4.6802721e-03
   1.8140590e-03
   1.0956916e-02
   4.2358277e-03
  -1.0458050e-02
   1.0675737e-02
   7.7551020e-03
  -1.1165533e-02
   5.7505669e-03
   1.4521542e-02
  -7.1655329e-04
  -2.0027211e-02
  -7.5918367e-03
  -3.3197279e-03
  -7.1111111e-03
  -1.9011338e-02
  -1.5156463e-02
   4.5668934e-03
  -3.6825397e-03
  -1.6040816e-02
  -2.0571429e-02
  -1.2380952e-03
  -5.9410431e-03
  -3.4716553e-02
  -2.7736961e-02
   3.0612245e-03
   1.8866213e-03
  -1.5351474e-02
   1.5283447e-02
   3.0018141e-02
   1.2907029e-02
   1.1823129e-02
   3.0820862e-02
   2.2063492e-02
   5.5056689e-03
   1.0022676e-03
   2.0544218e-02
   2.2585034e-03
  -1.5900227e-02
   1.5913832e-02
   7.8458050e-03
  -2.0058957e-02
  -1.5927438e-02
  -3.8140590e-03
   8.3174603e-03
   4.5850340e-03
  -7.0204082e-03
   1.3328798e-02
   1.3723356e-02
  -1.7641723e-03
  -9.2789116e-03
   7.0612245e-03
  -6.3492063e-04
  -1.2385488e-02
  -2.0253968e-02
   7.7142857e-03
   7.6553288e-03
   3.6235828e-03
  -1.6435374e-02
  -4.5714286e-03
   3.2653061e-03
  -2.0916100e-02
  -1.7179138e-02
  -5.4875283e-03
   6.1768707e-03
   5.8594104e-03
  -6.4126984e-03
   1.3315193e-02
   1.3106576e-02
  -3.1111111e-03
  -3.3922902e-03
   1.6272109e-02
   1.5945578e-02
   7.6371882e-03
  -8.6167800e-03
   3.1473923e-03
   1.4956916e-02
  -5.1791383e-03
  -9.3333333e-03
  -9.5419501e-03
   1.0185941e-02
  -1.0068027e-02
  -2.2376417e-02
  -2.7482993e-03
   8.8253968e-03
   4.1723356e-04
  -2.3981859e-02
  -2.4471655e-02
  -1.0340136e-03
   1.0403628e-02
   1.9229025e-03
   1.3532880e-02
   3.3269841e-02
   1.3133787e-02
  -1.0884354e-02
  -1.4839002e-02
   5.2517007e-03
  -2.5306122e-03
  -1.0231293e-02
   2.2040816e-03
   2.6811791e-02
   1.9637188e-02
   4.5986395e-03
   9.7324263e-03
   4.3029478e-02
   2.4580499e-02
   2.2222222e-03
  -9.5238095e-05
   5.7052154e-03
   3.6054422e-03
  -6.4761905e-03
  -8.5578231e-03
   1.3605442e-03
   2.3269841e-02
  -1.0811791e-02
  -2.4965986e-02
  -7.2290249e-03
  -1.3537415e-02
  -1.9963719e-02
  -3.8526077e-02
  -2.5297052e-02
   3.7414966e-03
   4.7074830e-03
  -2.2380952e-02
   2.3492063e-03
   6.9886621e-03
   2.7510204e-02
   1.0086168e-02
  -7.2653061e-03
   9.3741497e-03
   1.4031746e-02
  -1.3283447e-02
  -1.2671202e-02
  -4.1224490e-03
   8.3446712e-03
  -7.2789116e-03
   9.9773243e-04
   9.2471655e-03
   5.4421769e-03
   5.5646259e-03
   5.6598639e-03
   9.7278912e-03
  -1.0213152e-02
  -1.0335601e-02
   5.3877551e-03
   9.1111111e-03
  -3.0929705e-03
  -1.9287982e-02
  -3.9646259e-02
  -3.6235828e-02
  -2.1034014e-02
  -1.4077098e-02
  -1.5346939e-02
  -1.6716553e-02
  -2.2222222e-03
   4.1904762e-03
   1.0512472e-02
   8.8798186e-03
   1.9292517e-02
   2.5723356e-02
   1.2208617e-02
   3.0702948e-02
   1.7170068e-02
   2.3600907e-02
   1.0131519e-02
   7.1655329e-04
  -4.8725624e-02
  -5.0430839e-02
  -2.8299320e-02
  -2.2167800e-02
  -7.9546485e-03
   2.2385488e-02
   2.4997732e-02
  -4.0997732e-03
   1.0975057e-02
   1.0267574e-02
   1.7714286e-02
  -1.0648526e-02
  -1.8947846e-02
   8.7346939e-03
   1.2480726e-02
   8.2630385e-03
   6.4163265e-02
   4.0380952e-02
   1.6807256e-02
   1.3287982e-02
   1.7850340e-02
   2.2557823e-02
  -8.4535147e-03
  -1.5346939e-02
  -1.4249433e-02
  -5.1337868e-03
  -1.9963719e-02
  -2.6956916e-02
  -3.0158730e-02
  -1.7469388e-02
  -4.8526077e-03
  -1.2281179e-02
  -1.9863946e-02
   5.8956916e-04
   9.0702948e-03
   2.1496599e-02
  -1.0113379e-02
  -5.8503401e-03
   6.2040816e-03
   1.8131519e-02
   1.0031746e-02
  -2.0861678e-03
  -6.3219955e-03
   1.3061224e-03
   1.6879819e-02
  -3.4104308e-03
  -1.9655329e-02
   1.2027211e-02
   1.1827664e-02
  -1.2208617e-02
  -2.0226757e-02
  -8.3174603e-03
   1.5564626e-02
  -5.6399093e-02
  -4.5804989e-03
   1.9283447e-02
   3.1247166e-02
   1.1337868e-02
  -4.0816327e-04
   1.1927438e-02
   1.6335601e-02
   7.7097506e-04
   1.7269841e-02
   1.3941043e-02
   2.6684807e-02
  -1.6435374e-02
  -1.5646259e-02
  -2.9750567e-03
  -6.3310658e-03
  -1.7777778e-02
   2.6394558e-03
   1.5056689e-02
   7.5918367e-03
  -1.5854875e-02
   1.2580499e-02
  -1.8802721e-02
  -2.3038549e-03
  -1.8866213e-03
  -2.5623583e-02
  -1.7523810e-02
  -1.5691610e-03
   1.4267574e-02
  -2.5959184e-02
  -3.0412698e-02
   8.8253968e-03
  -4.0453515e-03
  -9.0884354e-03
   2.1804989e-02
   2.0761905e-02
   7.7369615e-03
   2.6575964e-03
   5.5147392e-03
  -1.5646259e-02
  -9.3424036e-04
  -1.4267574e-02
  -1.9664399e-02
  -5.1882086e-03
  -1.4639456e-02
   3.8639456e-03
  -2.1596372e-02
  -3.1020408e-03
   3.4648526e-03
   6.1043084e-03
   1.2770975e-02
   2.3573696e-02
   1.8594104e-02
   9.7414966e-03
  -3.0204082e-03
   4.3083900e-03
   1.1746032e-02
   2.3301587e-02
   3.1047619e-02
  -9.5238095e-04
  -4.8344671e-03
  -5.8956916e-04
   7.7732426e-03
   3.9002268e-04
  -2.2739229e-02
  -1.7777778e-03
   3.3560091e-03
   1.6580499e-02
  -2.0317460e-03
  -6.1678005e-04
   1.2807256e-02
   2.2249433e-02
   1.5673469e-02
   8.9886621e-03
   2.2149660e-02
   3.2562358e-03
  -1.9682540e-02
  -6.7845805e-03
  -2.0317460e-03
  -9.4149660e-03
  -1.6970522e-02
  -8.6712018e-03
  -1.2498866e-02
  -4.4426304e-02
  -5.6571429e-02
  -4.8997732e-02
  -3.7596372e-02
  -1.4340136e-02
   8.5260771e-04
  -1.1102230e-16
